343448
361806
330513
364308
373260
368787
360729
367796
353952
370009
323278
366919
364416
367466
366045
318363
314169
357799
338936
320258
362989
355375
360751
353114
325683
354255
360727
333614
342707
319095
314879
309286
319706
308951
342313
323259
343387
354839
324093
356709
335826
339913
337714
333866
309044
358971
358365
305994
354092
310861
305398
314194
353524
324351
352590
357301
333802
337814
312131
339005
338248
303186
319156
310807
333111
318357
333123
310860
313813
332184
301651
315719
332183
318983
327809
330893
324120
307885
278108
309394
312127
296288
322341
317678
344012
298322
320477
320475
317677
320474
318502
327808
321281
310943
326028
324410
291776
330037
322239
288454
341079
330789
340884
332228
340885
290462
292572
326025
330515
312134
325691
312866
315717
314669
298211
287535
287037
331066
286142
333994
321426
316629
322778
324040
303321
315628
325293
324099
325013
323059
304757
275580
328495
153030
315977
324284
276222
152530
