154921
161730
150263
148101
157818
160923
142620
155436
155437
155223
160744
157786
159054
143390
142441
143129
143238
146528
154535
154589
140449
151521
141883
149080
141487
150817
140865
140322
134062
123765
145557
140319
140251
140326
133236
141394
153279
139252
151520
140655
145299
135318
151496
140890
132321
154917
139256
154456
151314
152576
148037
152601
141251
161640
152437
152481
139249
145482
152753
141342
131350
152898
152899
152083
152339
152719
143127
145424
136981
146580
144158
132421
145517
141853
132726
142990
132268
144783
133626
141979
139773
138328
131115
140218
139258
140773
146287
152836
152530
152040
